PID,SalePrice
527127150,222478.54823055884
527162130,190467.20606297036
527163010,166348.21873250479
527182190,233878.3107057124
527216070,471904.4947827385
527358140,222016.11701943944
527402200,148649.84090246205
527402250,152072.07910673993
527425090,97551.8147983591
528181050,228530.51840513395
528218150,174868.59595940317
528240070,210811.05408881535
528250100,182129.3688572078
528358010,249451.30079994394
528382030,194653.36185948618
528445060,232814.74085481797
531367050,226833.6251471326
531369060,184492.51172014515
532351140,137674.18115578836
532354090,128375.6664295494
532376160,136676.47455845983
532479070,186179.19915634746
533212060,146941.1762061761
533221090,151582.9378651885
533238045,287700.91671362007
533244030,240879.07284931454
533352170,181182.34102004996
534152050,195470.49632371715
534152070,201094.07795916483
534202160,142661.51198580913
534251320,171647.10593187617
534276360,124061.14725041743
534425310,159219.8937683328
534427010,148811.40874545055
534431050,196000.66848918912
534431070,176345.333436436
534479320,140854.50522119386
535106190,165401.18392752923
535152250,141112.29477078933
535302080,125789.83943977705
535350030,129231.35455838569
535350040,133167.72370366027
535454070,120009.4895767622
535457090,135093.56142511845
902102100,151848.44492160692
902104060,74713.49781103982
902110090,144183.3838099243
902125080,110582.76158626041
902206040,116167.6234873049
902207140,103915.18948196726
902402010,154480.70255452595
902402250,148279.61625485792
903206120,179102.85855594647
903226160,123380.71893041582
903425110,155430.2474983648
903430080,114796.25037323215
903450110,105794.51184512113
903454060,49406.52532901884
903476030,129416.09060725737
904100140,233978.59118696782
904302260,103230.17763724906
904352190,148978.57125931067
905105200,124018.77990515517
905106140,140722.2592127732
905109130,283654.1595091787
905109170,225173.4427514082
905325030,239008.40382306863
905352140,220799.0199179192
905451320,130926.58609240834
905475510,126782.84113884011
906201120,237981.58036719993
906223090,233068.72014455128
906380190,191237.47906880028
906385020,186800.3396502235
906402200,358877.4406410287
907200280,152127.1333955443
907203070,117343.00402032872
907250030,291792.3530495262
907290040,206706.9925690221
907290170,157225.05602904336
907414030,189709.27821982492
908102060,66673.39694963791
908102110,109504.64362869447
908103350,125277.79596483838
908226130,75866.10624460928
909100080,116469.00444893414
909101070,69124.59510518466
909250060,190898.52456921377
909428280,281564.18847677537
909452114,202740.46489348187
909455030,202822.39732587847
911204090,91208.73474114639
911370510,277173.11051387765
914478110,191686.87103013825
916386020,197789.54735012818
916386060,152145.78895837712
916386090,275998.7666332206
923205015,157761.64676499026
923230190,114304.1855936651
527105070,180344.2237588674
527105130,276654.2743510477
527131030,252970.08045574249
527146010,254052.2602308184
527180100,184462.13232325355
527276160,199191.54778416568
527301320,264262.99903994607
527352150,205898.43961595447
527375180,152646.74685989364
527376100,144692.96693514055
527378140,188804.2286503157
527405180,109678.81314555964
527425110,109266.4940120671
527450280,116873.77883381463
527453060,134464.57932682402
527453140,133104.06687640512
527455050,149449.4582945314
527455080,146721.4742368533
527455090,131453.19090000997
527455280,138249.04334308166
528102040,386874.8955493802
528102140,462119.9814585305
528108040,399011.3401948224
528112040,328709.080731787
528116010,319730.2408737977
528118060,356435.11248751055
528120030,349717.8902925587
528138010,349759.087972736
528142040,352701.55680807016
528142090,303559.34724606783
528142130,351996.2374889008
528168030,289115.8901378637
528174050,196028.45150551258
528174060,187290.52222678272
528218090,181144.50924907997
528220040,170830.67674109264
528228295,212349.60055424983
528235010,199153.11716234018
528240060,211676.7568979743
528250020,202179.220698041
528250040,195093.51819627982
528275070,234497.2782378215
528280230,217075.18833168322
528290030,186173.48102034195
528290120,172196.1420220861
528290180,179629.90400625972
528292030,259490.9609163061
528292070,229119.8126792077
528294050,165293.77181067178
528344040,332478.07287284464
528365070,317187.3432941397
528431020,246046.44828682416
528435050,264665.66654211585
528439060,238062.36463994224
528441020,227341.91974910247
528441090,455176.34541856975
528456180,235363.9766306113
528456220,195980.1604053967
528458060,183128.16432302687
528458180,229059.00226762533
528477070,263418.69919031614
528480040,244346.14655893625
528480130,213948.67743961318
528482040,257592.3106552545
528490070,203850.24836324828
531363050,133027.25708351136
531375040,163518.84119211222
531375130,161987.32587916768
531376090,210523.18992969775
531379050,226520.09716420146
531385020,201124.3207683545
532353020,123183.44256429398
532354230,123725.42934802745
532377130,139762.115933272
532478020,293875.0911618427
533213020,196771.46816045474
533213040,166441.8059466645
533236050,208606.73210906028
533252040,313566.0185048055
534127130,180264.44729614965
534127170,171039.2909827606
534128020,227108.6399503975
534129080,204646.86300411416
534152120,170280.87950270282
534175080,223571.1227622451
534177230,218338.95376493208
534200030,119761.56638192583
534226120,128005.451466784
534251030,169286.73359355732
534252240,162597.25378909078
534275060,123524.60371853784
534275100,113915.3416109859
534276040,128600.46843836203
534400290,162301.23347609976
534451110,118483.82974985274
534475185,181606.740410711
534476320,127437.35195909439
535126010,220412.63243610607
535154130,153080.41733401245
535175030,149530.16385565978
535175050,138912.0326225974
535178040,132141.77308376302
535179160,145055.66129957722
535301170,156020.55766973444
535303150,124733.50504212083
535325290,115482.74216987097
535354070,129013.20447861217
535375050,123839.11756939579
535381040,179828.90644504878
535383060,64643.16851674464
535403190,151552.75329248304
535450160,81138.89041752118
535453200,134908.70918652805
535475010,157427.55108664747
535476110,122669.21872052885
902105060,122839.98837370194
902106010,124745.81032550416
902109130,90661.05459531177
902134120,98724.05165185155
902135020,65530.926366203654
902201110,108241.33105051918
902300090,110161.13065988259
902301060,132016.60737093855
902327070,181157.804779667
902329080,147078.75513680486
902330040,195948.81875081986
902401130,149224.1067386993
902402150,95388.7816642927
902405100,162591.50370319825
902406070,145831.81252776814
902477120,80714.53842586179
903201020,118365.04434791877
903202170,131725.29254659658
903226130,104161.4728398202
903230100,109728.78690207837
903231010,114387.82790509578
903236040,168764.1351548812
903400220,158210.38938725766
903427120,144982.94566348987
903475100,135229.36332608166
903476090,120795.5496031094
904100190,97381.48574890969
904301070,143752.90428488955
904301375,56547.48945560716
904351200,125658.67641865322
905200260,152645.16110550065
905200350,145299.79213008823
905325020,260303.89312970525
905451300,122825.0753575378
905452040,160167.47910525164
905475160,122530.14605051553
905478030,133879.66745059163
905480030,124452.4259413919
906201050,149478.75321073527
906223210,249169.41019735628
906226060,156005.4702138103
906226080,150998.4962413886
906226090,128662.26730860598
906226140,109823.75269583243
906340100,366296.08026409335
906378110,218119.42851027558
906380060,296628.0408587367
906380100,300605.03001037333
906380220,223780.34682897295
906392130,172108.83492403815
907126050,132165.3947588401
907131090,209194.97559015933
907131190,200122.66074245475
907135040,138333.62782911395
907135170,130404.16896022746
907185050,191339.3456490221
907192030,182524.49106732587
907194110,189024.22916091426
907196060,207540.142217599
907202130,147191.876058813
907227080,118217.58552532196
907227110,117595.27928933427
907252060,238427.9997111152
907252220,263645.54918826756
907265010,199797.96515776435
907275090,224865.8619514545
907285020,241819.00454395532
907285050,198158.99400853712
907290070,168480.07162970546
907412020,192115.51134089375
907414080,184956.7226432467
908102050,131241.1590845816
908152100,135426.82606464505
908154040,335689.34825676645
908225370,89114.17948792958
908229020,89211.33213121584
908275040,110468.80239200257
908275110,141979.98449917982
909101010,121111.52742501027
909101140,130505.15920495932
909129090,125628.32002784192
909179020,282721.910416782
909251170,167975.74880485446
909253180,148822.23553996466
909279010,209195.4518825534
909282130,145320.629885332
909427200,150683.7907746053
909451040,100329.71836710689
909451140,111839.9822944472
909451180,130552.16931931657
909452050,192532.7609130094
910204050,155191.50941928366
911104060,65124.799958443386
914475010,138406.3484454923
914475030,161827.4815142344
914476020,133075.81573180208
916386140,236209.3460167176
916403010,204572.86577454503
916403250,245108.00135306516
916460110,221238.33890641187
916475040,368440.6713222109
923203110,182249.58323217867
923225360,112496.85753251034
923225490,119321.23053455711
923227080,155783.71500364022
923275040,157891.6752142304
923276260,129502.69341822101
923400025,176494.68923557064
526351030,178164.6298149176
526353050,204002.9377986927
526354070,200039.42862557425
527106150,204268.61231523586
527127140,288592.07558813505
527140090,223104.34520100735
527145090,199082.19884534687
527165010,181616.6322290292
527183060,236158.63254875448
527214030,375251.4517021559
527226020,167235.65508554713
527252080,333565.14715082955
527302050,185512.73078313246
527357110,134006.2215006805
527380240,300689.21176694916
527402060,143520.89876097525
527450110,110688.98689800879
527450520,110562.59050508015
527451060,98255.8731627053
527451290,100645.05207803965
527451400,126140.3864272054
527451550,108610.84115954913
527452150,139949.1461475317
527455270,105452.85806995817
528104080,432526.838064253
528110110,409389.73660366645
528118030,425723.0039809216
528142020,276489.13596665196
528166120,416734.48673948157
528178090,358578.9531853816
528186080,320986.36538794497
528228345,227695.5851090467
528228445,192815.330312524
528235120,185666.61832110907
528240050,193689.2749153935
528280130,189903.1528627015
528326030,289371.4268864483
528363020,294976.81272659276
528363110,349255.8883031934
528387050,269487.75551978534
528431080,226658.93376137762
528431120,249582.8822703254
528458050,208783.62350711622
528462040,202981.76360494996
528478030,261786.9353714138
528478040,229483.23048098455
528490080,188270.0223999647
531363060,155164.13580521388
531373060,185419.49172915882
531375120,166159.16598682723
531376010,173387.66804035244
531382110,190356.53965149415
531382120,201523.97704379822
531450030,201636.51497766425
531450170,188534.43732271923
531452140,170032.9692351798
532351050,128335.83179474302
532353050,133153.6214550726
532376170,88229.84401999327
533206050,197219.93615938743
533208080,157997.98230414357
533212050,160610.9100495862
533212140,157835.1930799598
533212150,158478.14781110987
533215020,279398.17602818826
533215070,271683.7738734281
533215080,276074.0967822786
533217050,150853.28492948328
533234020,216818.4117613511
533350090,376700.71573612595
534126090,183656.88740945136
534127230,188365.73034825877
534128050,168988.27230902656
534129060,211457.55488146236
534175140,141392.7240407331
534202130,146143.23306514343
534225110,140116.50201962638
534225120,143803.38062356794
534250010,155592.3611139933
534403100,176050.75849194004
534428020,130578.66089067051
534428100,148532.29250078998
534453140,99222.027247055
534477090,149094.14002234855
535105030,129838.01699201332
535126140,216055.6090545768
535150210,127041.1322606246
535151160,134535.65042964512
535179060,173798.15060447765
535302140,114172.42206702476
535305160,112612.13047041051
535327230,130018.10180943285
535375160,103007.34188734321
535402120,170698.93758364633
535451010,127339.49035871238
535451050,119826.91653959258
535451230,100722.29597413304
535453210,128318.71036263485
535455080,114893.1600905811
535455090,116872.72899606221
535456100,105542.71525007195
535475020,170441.4971347048
535476370,184946.86004102806
535477090,120827.86211888402
902100030,74133.45799510585
902103150,112655.768102958
902105010,103808.7067479883
902105020,253511.5254597149
902105130,86298.84966931347
902107030,128832.06590222058
902306120,122391.88373022582
902306130,159601.9229430248
902406020,118206.13453433204
902427150,103989.87438522537
903201030,117790.43926344354
903204095,90495.82558538561
903206070,143588.27569031445
903225160,120975.91205600661
903226060,154985.4917908714
903226150,92193.32713292394
903228040,142026.7746271146
903230110,120951.98941023233
903232030,84695.57114014868
903234090,152185.78921708625
903400180,157338.05336412296
903401020,174919.7012527158
903453050,128199.46674646938
903454100,144127.45085648636
903455030,112559.9349056758
903455140,111771.09083325809
903456130,136080.1436374232
903484020,129056.23560338427
904100160,133486.18942144504
905104080,93053.22524674343
905202230,189531.2339974754
905300020,143196.33017443627
905401045,215496.76696610695
905426030,177334.65505082757
905452120,123590.0949584585
905477050,129818.7591738931
905479110,95715.80079038613
906223140,234015.20046183548
906380030,234591.5303282925
906412010,407518.6953919771
906420130,247186.38510162514
906424010,250473.25479986193
907135260,139137.80377261832
907192130,211047.75394764554
907196050,216301.26196730984
907201060,134303.2256062859
907227300,117165.54547347248
907251090,254045.99845860605
907255020,254996.9788869572
907255060,294949.8516107064
907285080,221431.64362658045
907290150,153861.99010469933
907295020,214175.57455362575
907405020,207975.07099547508
907418010,224524.03560114367
908103280,126157.48566678268
908128050,124277.46633981643
908151040,136194.57719697023
908186040,137014.17604786129
908201120,96184.49355958654
908225170,63931.714019149804
908250040,85179.55283236675
909101180,99613.43033552094
909131170,135873.01249114485
909250230,182770.0197496218
909275050,138695.98643084295
909276170,147738.79007951115
909281110,198879.01837559973
909425085,232956.173615408
909428190,193446.24440163575
909451150,138970.76398649043
910200080,117402.46229719688
911102090,101994.04057968988
911102170,83108.63249840427
911370490,324370.5634163582
914476010,157337.5140252603
914476450,182662.38882226605
916125425,331287.8485228154
916380060,285188.1093040949
916403230,205151.9788006244
916460060,235427.02591769132
916477020,325481.51566650195
921126030,271318.1526928168
923202005,223617.25242286813
923203140,172585.28980330753
923225080,119383.48674607361
923225370,116998.06608321279
923252100,130214.81555410282
923277040,135041.13629020716
923426010,118896.39444102497
924100020,167880.52588122216
526352080,180664.0745490327
526352090,190853.1512893949
527110120,164218.81182648093
527158090,162372.79417742908
527162090,149230.66031258466
527163080,151451.52510430178
527165100,169389.10954821386
527175130,149625.6335329149
527182170,219927.37063736553
527184020,212049.99367311705
527210060,349896.1348253032
527226040,180759.93730927169
527252050,313299.3719546052
527252070,260791.57485764605
527301080,188124.9048668263
527302090,220050.3702155597
527325110,197074.88068048074
527328020,147614.4547714453
527359010,182202.9680110453
527359080,195012.1892852219
527402240,164362.2311159439
527404100,115237.82136066325
527425140,106387.93308321704
527450220,122063.72901615506
527451170,126446.89271122118
527455030,139122.86407986563
527455250,113256.71045545077
528102120,287567.3184434334
528104010,348252.1900093765
528106040,393999.802328037
528108160,284417.1840741243
528110070,296601.9038062772
528110100,422998.2130726422
528112150,250972.49368837645
528118040,393014.25733246095
528120150,296417.130827166
528144050,351470.601242497
528150040,362464.54956510116
528168040,297032.2869507567
528172050,240855.53214910906
528172075,264163.8842219835
528174010,199230.28039796808
528181080,228208.02284523542
528186050,317078.50406906125
528186090,310019.2785568901
528186120,342086.6066474407
528188160,218123.5799931431
528218020,172075.36613928192
528222060,183124.1052394942
528222090,193106.73466361276
528231010,239129.09385046945
528235000,200773.03565051116
528235160,203002.8071516497
528235170,213231.26474127235
528290170,190729.2933862062
528320050,689465.2623975982
528327060,526727.5552130865
528354110,309604.36057510565
528429090,340120.72407886165
528431030,220507.45411770686
528431040,431469.62612860417
528431110,286709.9251486894
528435070,240622.3955132251
528445020,214600.46661837204
528456190,221385.5931559738
528456230,194687.79564950362
528458080,241645.10046576682
528458130,322534.89752174506
528477020,245476.12286096383
528482010,246392.62252830077
528482090,288200.3963220067
531375140,153280.00343177628
531451150,139002.06275917386
532378240,115704.23153943717
532479050,139627.33426409334
533120030,329440.53055296675
533130170,330258.4819066174
533208040,209414.37574336794
533208070,172202.0375992269
533213130,145737.18073059528
533236040,174705.11053121244
533242090,273010.6063667345
533250190,243511.02118205695
533251110,300730.31458943
533251130,202901.83946874057
533254130,175114.39336558478
534104090,230429.9095280155
534125120,135649.38104593664
534178010,136388.62840805948
534201040,135720.40342040727
534202030,136412.46948712965
534252110,121543.40284366888
534275170,134387.7535334179
534276180,124215.65544704873
534278170,120356.95683842225
534278190,104753.20654272972
534403290,189748.74358128346
534403420,151960.30188894976
534425080,177751.50014831315
534429030,107429.17720678728
534431020,123618.92249548712
534450090,43837.27314018692
534453080,111846.46350513608
534475170,169374.73688360676
534478140,159823.41266937947
534479120,137756.81304016928
535101150,140681.7751042308
535105110,157220.99157640923
535106180,130938.08859888364
535151100,117823.1134479201
535151110,135836.65544811488
535152060,126618.87509014015
535177110,178091.26569923337
535181030,193922.66668020267
535181140,148817.31608311302
535302070,127995.1310066799
535327200,128811.50277271372
535353160,121107.28110102621
535354050,122663.19406853907
535375130,98165.29165547926
535378080,132188.38215321812
535379110,123890.41734148421
535382150,111430.45196674248
535450220,137671.73413906584
535451040,115095.90001788545
535451110,127723.97009417016
535452060,123271.39220094882
535453080,144879.56312470965
535476360,199200.6439551028
535477130,157965.38433304863
535478040,116710.70708611829
902105110,129252.354570639
902106070,122100.54063236946
902110010,93573.47902336981
902202070,103306.97446695119
902301030,119978.73476751262
902305010,137887.98878626205
902408080,203495.83149187022
902427040,116276.56226508468
902427180,127440.47140466233
903225040,122540.0884635352
903231180,118708.2745169294
903232100,122639.57461076954
903426010,142468.00791546417
903453080,195716.94853293235
903454010,122356.83860065616
903454090,139085.27132019587
903458060,114684.6546410643
903476100,94231.47020946951
904101070,300950.080142063
904301110,103524.07834469424
904302010,106318.61435434161
905100080,139273.33567808996
905102010,142387.68822598975
905103110,136126.22307915735
905105040,109160.35596709978
905107140,137655.2107113422
905201080,153285.3696968033
905226080,165323.88946841058
905226170,151126.4922457426
905301050,349880.2498785154
905376090,152815.5886275233
905478140,134840.35962048516
905478220,127416.03956754867
905480090,87988.71599922943
906201022,202442.9079072704
906201023,241279.5721429585
906201200,301430.36286597955
906380040,259885.74397651723
906380120,202620.86793344063
906380160,186262.09051072475
906394050,174955.44228988618
907125040,133991.74524260202
907125120,126621.55817137606
907135180,121862.29107169027
907180040,202935.37605383454
907187040,233792.2975605843
907192120,206143.07348209413
907192150,184194.4684218764
907202220,115297.29706871773
907203060,120010.86942962393
907260040,181794.55272009489
907275080,245155.74737426228
907290140,153785.87387278056
907295040,242080.8763339341
907410020,192030.54330067887
907414060,177367.23875983575
907420060,173787.92776087797
908102100,142342.51794475876
908127070,122960.49324054402
908152070,135426.21421073846
908152280,146494.9582504837
908154205,873163.5997716966
908225240,105855.44194877523
908225310,80496.03842744998
908226180,90645.19050769374
908250100,105104.53071819025
908275090,93509.25447470271
909252010,173655.3558653241
909252170,119716.42638892744
909275110,169905.62935593084
909276210,165226.98662950812
909281020,125204.02195514849
909428180,204311.2239008074
909455060,190634.4884053679
910201020,86490.85856583418
910201180,154095.44041067382
910205130,126158.7332619087
910206010,82459.84905518136
911128010,126488.57056320616
911370460,271794.8697474303
914452090,174028.25033026977
914452190,139910.3407403773
916384070,274890.6332834256
916384150,261037.86426317634
916403040,181366.79644571833
916455010,205713.33023903493
916455150,306274.3370123445
916460020,193559.2333817753
917425190,230250.18584129418
921205070,293656.50324777456
923202134,136210.84874177384
923202220,203620.3376211486
923204140,154512.1351901413
923225050,130175.5240737515
923228220,86542.8842263684
923229010,151621.96651206992
923230180,120573.52899392793
923251160,155963.53388052643
526302040,164425.50193720646
527108020,229923.27636606045
527166030,176890.45309266887
527182020,174857.23523785156
527190220,272872.09255069075
527210040,507295.6868851562
527210050,353779.2618013306
527216050,473868.6310610515
527252090,305951.2638329362
527254070,313202.8463166066
527327080,185921.48903984207
527356020,301027.2198050674
527375160,189579.46842707795
527376110,188016.85479199985
527402210,142812.4726722671
527403120,97263.35245317954
527427210,195193.05780387024
527450080,113776.47888945865
527452290,143816.36629463182
527453070,134744.14946396128
527455100,129125.10622846709
528106010,362909.17380202713
528106120,250658.09877934883
528116030,344292.62556398043
528118010,321142.2355218289
528120140,374264.5161040871
528142070,352355.19552932505
528144030,312123.3626407619
528150080,374463.6471595147
528172020,274016.01905045507
528181030,212976.1280805411
528181040,212237.07124885492
528186110,327693.7727963637
528218060,183672.77531840434
528218080,192363.54251479762
528218140,226543.15017565814
528221010,186623.2920607782
528222020,196136.94203965412
528228360,197349.26925016017
528228565,208362.713877158
528231050,172833.1785474726
528240080,237091.02548843625
528275060,171909.1130365129
528275080,192111.95454731936
528280100,199488.91771434702
528290140,192806.18807620907
528294070,224698.22416391873
528315070,260601.13885719143
528320060,590456.934489206
528358030,314029.8177135767
528365090,306843.2344094041
531375070,141820.4752506813
531375100,176923.01580260636
531450040,175551.29597739014
531452100,164909.54308298134
532353180,141794.29900623765
532376180,109348.06910090927
532476050,305291.51943664113
533110130,278469.49274790473
533128030,261285.872486871
533128090,266939.8545616205
533212100,148503.67204815242
533212110,137806.00101048403
533223080,164941.11542673357
533241010,201152.60120088983
533242030,216349.92212565042
533252020,159510.55320114247
533253090,210960.60457471438
533253160,201260.68478940064
533350050,361192.77100077295
534127190,239299.1552190139
534129230,163417.80881204494
534176250,142731.79988957054
534201280,126292.04928143258
534202180,132472.50165038084
534250300,185355.2555650916
534276230,151940.85811230887
534403280,161531.18714484136
534403440,138746.34506448213
534453150,116578.44633671682
534479240,132391.75558542888
535125060,228042.0260026191
535150240,115139.42742470722
535150300,342783.2935770281
535151130,109086.08561875494
535178100,151826.50556674477
535179050,141882.82749667222
535301150,143972.73817779258
535304020,139766.9476333086
535305120,166762.47474957077
535325460,208859.28938015268
535353180,270633.3465956537
535354130,126216.02940687191
535355100,123721.13391536876
535380130,127047.54009495836
535381060,109046.77622928438
535402100,146812.40110516094
535403150,144299.1676069412
535404080,123434.31386955343
535425040,176744.61131539932
535451190,114893.38772334154
535454030,81138.89041752118
535478010,121638.06743696968
902100130,95235.3220221657
902104020,141775.38332447945
902106040,188117.30697724497
902110120,115432.08407111996
902128100,105397.87800209745
902325050,170397.83106708046
902325160,96800.14566044962
902329070,101948.37109691021
902329090,167726.55637697328
902456015,55714.56635563713
903200050,86536.4943671606
903231190,106927.04109750986
903232170,79407.71124031617
903235020,92966.71649990769
903236200,99069.54253144507
903400030,93694.83102002654
903455090,133809.21224312088
904100090,181276.15766507058
905100030,129776.80536226177
905200380,88736.74332401328
905201090,146842.2398303688
905351045,181720.56647519767
905426100,215322.45466222003
905451050,130756.22548289702
905452150,134462.7416071079
906204180,258617.7173092333
906223180,231798.00429793735
906225180,201668.534860882
906380150,188364.2969456911
906392120,310463.6402364207
906394010,232382.9870723413
907125020,130238.57231665509
907175030,208675.89259145543
907187010,226684.72955068032
907192010,225694.8521302814
907194130,199574.55018048568
907201160,145180.73275391417
907203010,121984.76187340332
907227090,113294.29689588338
907230240,137513.78001500922
907290080,239307.28631261425
907290260,249217.22035720324
907410100,181427.03486334084
907410110,233517.05454298502
908102320,165091.7641121012
908103320,115008.5978086051
908127050,143584.7660412268
908186090,150380.53225136205
908188120,138621.95173606303
908188130,128722.90273795175
908227040,76707.55442325397
908228040,122226.93047258008
909101050,109125.96274064729
909101190,143029.2199319455
909201180,110987.9585471985
909250200,139563.61028707784
909254070,160225.38852898983
909275250,141269.42471532556
909281010,204385.04737341587
909425120,214494.53824133414
910203230,82361.45521131682
910207110,92286.96792879366
910226060,142478.12982672846
913350030,218001.15957380415
914452060,148928.34629426713
914474020,217109.10658813248
914476050,136616.1352481639
914476500,195958.17091876644
916402125,181638.84687580724
916403020,183536.13340703872
916475100,319384.75895527925
916477010,327888.8918051091
923125030,101760.51545985808
923203090,162061.39100640733
923205120,125567.2004538171
923225240,126119.86992373501
923227100,150185.09909324255
923228310,92189.21181403741
923229110,181462.8182302813
923250060,148047.7076919892
924100070,160858.45868617584
